 Состояние  Вероятность испускания
        s0: 'a' = 9.52E-01;    'b' = 0.00E+00;    'c' = 4.81E-02;    
        s1: 'a' = 2.00E-01;    'b' = 8.00E-01;    'c' = 0.00E+00;    
        s2: 'a' = 0.00E+00;    'b' = 6.67E-02;    'c' = 9.33E-01;    
None-start: 
  None-end: 
        s0    s1    s2    
s0    9.50E-01  4.98E-02  0.00E+00  
s1    0.00E+00  8.00E-01  2.00E-01  
s2    6.48E-02  0.00E+00  9.35E-01  
       s0      s1      s2
s0  0.950   0.050   0.000   
s1  0.000   0.800   0.200   
s2  0.065   0.000   0.935   
 Состояние  Вероятность испускания
        s0: 'a' = 2.95E-18;    'b' = 2.02E-14;    'c' = 1.00E+00;    
        s1: 'a' = 1.00E+00;    'b' = 1.60E-21;    'c' = 3.63E-19;    
        s2: 'a' = 4.28E-25;    'b' = 1.00E+00;    'c' = 1.11E-16;    
None-start: 
  None-end: 
        s0    s1    s2    
s0    9.34E-01  6.65E-02  0.00E+00  
s1    0.00E+00  9.52E-01  4.75E-02  
s2    3.87E-02  0.00E+00  9.61E-01  
       s0      s1      s2
s0  0.934   0.066   0.000   
s1  0.000   0.952   0.048   
s2  0.039   0.000   0.961   
l_normal = -321.7141266492841 l_anomal = -364.271053068927