 Состояние  Вероятность испускания
        s0: m = 0.09611687638700267, v = 0.42969147080634085 
        s1: m = 0.903354053798752, v = 0.29499812088066546 
        s2: m = 1.9049187018835692, v = 0.2945351812624357 
None-start: 
  None-end: 
        s0    s1    s2    
s0    9.05E-01  9.46E-02  0.00E+00  
s1    0.00E+00  9.04E-01  9.56E-02  
s2    4.86E-02  0.00E+00  9.51E-01  
     s0    s1    s2    
s0  0.905   0.095   0.000   
s1  0.000   0.904   0.096   
s2  0.049   0.000   0.951   
