 Состояние  Вероятность испускания
        s0: m = 0.0986579483591363, v = 0.4602560014049693 
        s1: m = 0.9103828526515896, v = 0.33515004776324425 
        s2: m = 1.899228681781549, v = 0.33232570750207296 
None-start: 
  None-end: 
        s0    s1    s2    
s0    9.06E-01  9.38E-02  0.00E+00  
s1    0.00E+00  9.04E-01  9.57E-02  
s2    4.90E-02  0.00E+00  9.51E-01  
     s0    s1    s2    
s0  0.906   0.094   0.000   
s1  0.000   0.904   0.096   
s2  0.049   0.000   0.951   
