{
    "class" : "HiddenMarkovModel",
    "name" : "None",
    "start" : {
        "class" : "State",
        "distribution" : null,
        "name" : "None-start",
        "weight" : 1.0
    },
    "end" : {
        "class" : "State",
        "distribution" : null,
        "name" : "None-end",
        "weight" : 1.0
    },
    "states" : [
        {
            "class" : "State",
            "distribution" : {
                "class" : "Distribution",
                "name" : "MultivariateGaussianDistribution",
                "parameters" : [
                    [
                        0.05038816464039842,
                        184.9904301547776,
                        10.44822030174308,
                        0.9999033250329602
                    ],
                    [
                        [
                            51.998046941755334,
                            16.427023879706535,
                            25.221885486480208,
                            -0.050383293366242615
                        ],
                        [
                            16.427023879706535,
                            4019.8343891563095,
                            71.39347937987135,
                            -0.012573553454662007
                        ],
                        [
                            25.221885486480208,
                            71.39347937987135,
                            45.96129767247686,
                            -0.024358797119435872
                        ],
                        [
                            -0.050383293366242615,
                            -0.012573553454662007,
                            -0.024358797119435872,
                            5.0622947291537405e-05
                        ]
                    ]
                ],
                "frozen" : false
            },
            "name" : "s0",
            "weight" : 1.0
        },
        {
            "class" : "State",
            "distribution" : {
                "class" : "Distribution",
                "name" : "MultivariateGaussianDistribution",
                "parameters" : [
                    [
                        1031.8675139611014,
                        508.912702997625,
                        508.9065408562809,
                        0.00012452660632903266
                    ],
                    [
                        [
                            136.70803959270643,
                            56.75870203394908,
                            65.1707491063285,
                            -0.12849495969475172
                        ],
                        [
                            56.75870203394908,
                            678.3662158082543,
                            681.3348671650656,
                            -0.053100368689607325
                        ],
                        [
                            65.1707491063285,
                            681.3348671650656,
                            685.3362811147513,
                            -0.06124774948720617
                        ],
                        [
                            -0.12849495969475172,
                            -0.053100368689607325,
                            -0.06124774948720617,
                            0.00012089084141368005
                        ]
                    ]
                ],
                "frozen" : false
            },
            "name" : "s1",
            "weight" : 1.0
        },
        {
            "class" : "State",
            "distribution" : null,
            "name" : "None-start",
            "weight" : 1.0
        },
        {
            "class" : "State",
            "distribution" : null,
            "name" : "None-end",
            "weight" : 1.0
        }
    ],
    "end_index" : 3,
    "start_index" : 2,
    "silent_index" : 2,
    "edges" : [
        [
            2,
            0,
            0.5,
            0.5,
            null
        ],
        [
            2,
            1,
            0.5,
            0.5,
            null
        ],
        [
            0,
            0,
            0.9999023532858119,
            0.5,
            null
        ],
        [
            0,
            1,
            9.764671418806759e-05,
            0.5,
            null
        ],
        [
            1,
            0,
            6.419309282321224e-05,
            0.5,
            null
        ],
        [
            1,
            1,
            0.9999358069071768,
            0.5,
            null
        ]
    ],
    "distribution ties" : []
}